-1.000704 -1.000704 -1.000653
-0.145003 -0.140704 -0.140704
-0.140704 -0.140704 -0.145003
-0.140704 -0.140704 -0.140703
-0.130653 -0.130653 -0.130603
-0.130653 -0.130653 -0.135003
-0.130653 -0.130653 -0.130704
-0.130653 -0.130653 -0.130602
-0.120603 -0.120603 -0.120553
-0.120603 -0.120603 -0.125003
-0.120603 -0.120603 -0.120653
-0.120603 -0.120603 -0.125003
-0.110553 -0.110553 -0.110503
-0.110553 -0.110553 -18.521484
-0.110553 -0.110603 -0.110603
-0.110553 -0.110553 -0.110553
-0.100502 -0.100503 -0.105003
-0.100503 -0.100503 -0.105003
-0.100503 -0.100503 -0.100553
-0.100503 -0.100503 -0.100452
-0.090452 -0.090452 -0.090402
-0.090452 -0.090452 -0.090503
-0.090452 -0.090452 -0.123268
-0.090452 -0.090452 -0.090503
-0.080402 -0.080402 -0.085003
-0.080402 -0.080402 -0.085003
-0.080402 -0.080402 -0.080452
-0.080402 -0.080402 -0.080452
-0.070352 -0.070352 -0.070302
-0.070352 -4.656206 -0.070402
-0.070352 -0.070352 -0.070402
-0.070352 -0.070352 -0.070302
-0.060301 -0.060302 -0.065003
-0.060302 -0.060302 -0.065003
-4.000000 -0.060301 -0.060352
-0.060302 -0.060302 -0.060352
-0.050251 -0.050251 -0.055003
-0.050251 -0.050251 -0.050302
-0.050251 -0.055003 -0.050302
-0.050251 -0.050251 -0.050201
-2.585192 -0.040201 -0.045003
-0.040201 -0.040201 -2.830027
-2.666667 -0.040201 -4.277951
-0.040201 -0.040125 -0.040703
-0.035003 -0.030151 -0.030050
-0.035003 -0.030151 -0.030201
-0.030151 -0.030151 -0.030100
-0.030151 -0.030151 -0.035003
-0.020025 -0.020101 -0.005000
-0.020101 -0.020100 -13.735705
-0.020101 -0.020101 -0.020050
-0.020100 -0.020100 -0.005000
-0.010050 -0.010050 -0.015003
-0.010050 -0.010050 -0.010703
-0.010050 -0.010050 -0.010050
-0.010050 -0.010050 -0.010051
-0.100503 -0.100503 -0.105003
-0.100503 -0.100503 -0.100553
-0.100503 -0.100503 -0.100703
-0.100503 -0.100503 -0.100704
-0.080402 -0.080402 -0.080352
-0.080402 -0.080402 -0.080452
-0.080402 -0.080402 -0.085003
-0.080402 -0.080402 -0.085003
-0.060302 -0.060302 -0.060251
-0.080000 -0.060302 -0.060352
-0.060302 -0.060302 -0.065003
-0.060302 -0.060301 -0.065003
-0.120603 -0.120603 -0.125003
-0.120603 -0.120603 -8.152995
-0.120603 -0.120603 -19.031250
-0.120603 -0.120603 -0.125003
-0.070352 -0.070352 -0.075003
-0.070352 -0.070352 -0.075003
-0.070352 -0.070352 -0.075003
-0.070352 -0.070352 -0.070251
-3.280436 -50.833130 -0.050703
-3.320109 -3.333282 -3.666572
-3.333321 -0.050251 -3.642527
-0.066402 -0.050275 -0.050201
-0.040201 -50.666667 -14.768804
-14.666667 -2.666667 -4.277944
-2.666667 -0.040201 -15.027618
-0.040201 -0.040201 -0.040151
-0.030151 -0.030151 -0.030101
-0.030151 -0.030151 -2.166667
-0.030151 -0.030151 -2.155599
-0.030151 -0.030151 -14.156163
-0.020101 -0.020101 -0.025003
-0.020100 -0.020101 -0.025000
-0.020101 -0.020101 -0.020151
-0.020101 -0.020101 -0.025003
-0.010050 -0.010050 -0.010050
-0.010050 -0.010050 -0.015003
-0.010050 -0.010050 -0.010101
-0.010050 -0.010050 -0.015003
