-277.674819 -292.263921 -245.287973
-285.137673 -293.583197 -341.676619
-290.178390 -282.957338 -342.354327
-279.572622 -266.013364 -347.058282
-223.264632 -264.104788 -257.765016
-253.908242 -257.365460 -309.001980
-248.509322 -238.525709 -290.940405
-242.584881 -244.976732 -207.061557
-248.486142 -265.309248 -237.064085
-258.410654 -279.373609 -311.939468
-272.676309 -252.890091 -262.603940
-254.312271 -243.827993 -326.631294
-219.845811 -238.492674 -210.641511
-228.564997 -239.496916 -312.985069
-232.975190 -227.941366 -261.756549
-220.109834 -215.611568 -211.911643
-204.293323 -213.434338 -307.546008
-209.743430 -210.029162 -306.159347
-204.745508 -201.806571 -241.050611
-203.892036 -207.021466 -196.245858
-191.633049 -192.822664 -176.195305
-189.483079 -193.763691 -215.872642
-191.980048 -192.050066 -220.273023
-193.910644 -185.981063 -189.402891
-165.676632 -180.410259 -310.125500
-177.135899 -177.795720 -292.329330
-174.985924 -172.260090 -195.742964
-176.776457 -175.359045 -145.954778
-158.059162 -168.186841 -93.677192
-158.488425 -168.409754 -176.080045
-166.539232 -159.986886 -184.611312
-166.967150 -119.851633 -164.604306
-58.553599 -161.951633 -263.730853
-136.575525 -163.706134 -326.456899
-162.136985 -131.360417 -182.178067
-158.414867 -141.247037 -18.619774
-38.650061 -145.902744 -287.559104
-133.227743 -133.906755 -154.300813
-149.777218 -86.913995 -164.185189
-131.628007 -124.313992 17.157738
-41.015491 -132.321270 -253.134297
-132.921052 -97.596392 -185.164211
-132.458125 -22.462664 -247.602127
-102.167379 -100.107297 34.294946
79.962952 -41.202882 -156.520816
-64.320562 49.774587 -131.987085
-30.652938 37.174959 142.190440
108.405455 -4.926540 -163.651328
90.356710 -67.936778 -80.163025
-72.596231 64.992337 -191.022183
-6.404857 54.015500 205.300465
122.330351 -26.046681 -35.761763
294.137746 142.842996 -22.409410
232.420802 118.644709 -180.315057
200.284075 286.920721 -7.203437
127.957811 169.089808 346.017071
-225.085743 -220.731323 -190.184930
-235.978640 -248.540264 -248.500397
-246.812300 -207.967549 -310.951962
-226.183303 -202.465419 -316.143528
-192.669514 -192.266584 -161.949256
-195.806045 -206.939300 -217.724957
-204.000159 -185.864674 -291.758634
-187.896333 -183.678740 -327.267493
-170.561710 -171.417068 -104.728642
-158.791169 -171.011883 -178.603827
-170.391316 -170.343784 -300.611456
-169.871683 -151.273315 -286.974701
-226.127895 -242.332615 -320.111577
-240.377712 -236.341486 -262.274502
-231.111678 -219.224340 -329.100311
-234.447658 -241.197461 -192.065689
-233.628605 -223.004213 -331.758650
-222.579922 -211.572237 -236.584203
-215.642317 -193.562683 -308.229463
-210.431022 -222.632649 -176.443433
-187.288374 -193.308219 -310.694627
-192.403284 -186.486783 -223.795722
-187.147752 -174.432569 -323.772975
-188.789817 -192.949111 -148.321260
-166.558782 -164.037098 -280.420028
-164.100108 -164.224641 -200.435750
-174.541103 -161.009627 -291.547661
-162.554500 -162.403109 -96.539456
-120.218104 -134.857875 -17.860259
-133.393502 -129.399413 -164.697186
-129.933467 -115.020691 -286.975190
-129.921916 -54.359226 -309.617734
-100.372438 -99.850841 44.422905
-72.895360 -99.971427 -257.832419
-97.013264 -99.843802 -140.816936
-101.815982 -73.956597 -219.802734
-26.684635 -58.815929 143.125919
-74.636506 -49.329524 -283.557686
-49.486446 79.785781 -88.054184
-47.861939 -11.366956 135.737780
